{
  "metadata": {
    "kernelspec": {
      "name": "python",
      "display_name": "Python (Pyodide)",
      "language": "python"
    },
    "language_info": {
      "codemirror_mode": {
        "name": "python",
        "version": 3
      },
      "file_extension": ".py",
      "mimetype": "text/x-python",
      "name": "python",
      "nbconvert_exporter": "python",
      "pygments_lexer": "ipython3",
      "version": "3.8"
    }
  },
  "nbformat_minor": 5,
  "nbformat": 4,
  "cells": [
    {
      "id": "c165d37e-89cf-4554-b4fa-5adc425cfb5a",
      "cell_type": "code",
      "source": "import numpy as np\nX = np.array([\n    [1.0, 0.0, 1.0],\n    [0.0, 2.0, 1.0],\n    [1.0, 1.0, 0.0]\n])\n\nprint(\"Input Embeddings (X):\")\nprint(X)\ne\nnp.random.seed(45)\nd_model = X.shape[1]\nd_k = 3\n\nWQ = np.random.random((d_model, d_k))\nWK = np.random.random((d_model, d_k))\nWV = np.random.random((d_model, d_k))\n\nQ = X @ WQ\nK = X @ WK\nV = X @ WV\nprint(\"\\nQuery (Q):\")\nprint(Q)\nprint(\"\\nKey (K):\")\nprint(K)\nprint(\"\\nValue (V):\")\nprint(V)\n\nscores = Q @ K.T\nprint(\"\\nAttention Scores:\")\nprint(scores)\n\nscaled_scores = scores / np.sqrt(d_k)\nprint(\"\\nScaled Scores:\")\nprint(scaled_scores)\n\ndef softmax(x):\n    exp_x = np.exp(x - np.max(x, axis=-1, keepdims=True))\n    return exp_x / np.sum(exp_x, axis=-1, keepdims=True)\n\nattention_weights = softmax(scaled_scores)\nprint(\"\\nAttention Weights:\")\nprint(attention_weights)\n\nattention_output = attention_weights @ V\nprint(\"\\nFinal Attention Output:\")\nprint(attention_output)",
      "metadata": {
        "trusted": true
      },
      "outputs": [
        {
          "name": "stdout",
          "output_type": "stream",
          "text": "Input Embeddings (X):\n[[1. 0. 1.]\n [0. 2. 1.]\n [1. 1. 0.]]\n\nQuery (Q):\n[[1.03753351 0.71286918 0.39739801]\n [0.20310113 1.05226344 1.06156665]\n [1.06630108 0.99401422 0.75425527]]\n\nKey (K):\n[[0.91005889 1.83218536 1.32317042]\n [2.26411058 1.91670481 1.90965697]\n [1.61811337 1.3265328  1.2683969 ]]\n\nValue (V):\n[[0.68328905 0.67766986 1.32857311]\n [0.46767995 0.8418921  1.77597804]\n [0.55299178 0.51664213 0.98825199]]\n\nAttention Scores:\n[[2.77615036 4.47434427 3.1285496 ]\n [3.51740926 4.50394997 3.07099048]\n [3.78962335 5.75982423 4.00068355]]\n\nScaled Scores:\n[[1.60281116 2.58326387 1.80626895]\n [2.03077718 2.60035673 1.77303718]\n [2.18794006 3.32543607 2.30979572]]\n\nAttention Weights:\n[[0.20444479 0.54498085 0.25057436]\n [0.28246035 0.49925538 0.21828427]\n [0.19052918 0.59425076 0.21522006]]\n\nFinal Attention Output:\n[[0.53313706 0.72681841 1.48712448]\n [0.5472032  0.72450887 1.47765568]\n [0.52712059 0.74060265 1.5211999 ]]\n"
        }
      ],
      "execution_count": 2
    },
    {
      "id": "a0646b6b-8c48-4396-ad0e-8e92778db607",
      "cell_type": "code",
      "source": "",
      "metadata": {
        "trusted": true
      },
      "outputs": [],
      "execution_count": null
    }
  ]
}